python
602.83615
593.59939
600.41826
602.33754
602.38030
602.40705
602.58651
603.02644
602.57330
602.43438
custom op no omp
152.18276
143.06689
143.19817
143.12169
143.15082
143.02325
143.09380
143.09584
143.04710
142.90056
custom op omp 1 threads
152.96147
144.50796
144.34531
144.51784
144.46647
144.40139
144.57452
144.08255
144.16289
144.25592
custom op omp 2 threads
145.13455
135.92861
136.24915
136.03513
135.98063
136.07820
135.98875
135.94205
135.95322
135.87841
custom op omp 3 threads
141.29072
135.17520
135.03018
134.93093
134.90354
135.01683
134.84936
134.96713
135.04012
135.02373
custom op omp 4 threads
141.55669
132.44508
132.44218
132.57392
132.69239
132.61865
132.55810
132.43089
132.38627
132.66075
custom op omp 5 threads
140.88873
132.20067
132.23176
132.21657
132.16587
132.23191
132.28357
132.37279
132.17136
132.17900
custom op omp 6 threads
141.13565
131.81307
132.06521
131.86411
131.98274
132.00662
131.99524
131.66341
131.77336
131.90253
custom op omp 7 threads
140.99071
131.84840
132.00459
132.12974
131.87418
131.91056
132.09323
132.03995
132.02182
132.06226
custom op omp 8 threads
140.77338
131.77619
131.86352
131.94341
131.92948
132.04628
131.99352
132.01344
131.97818
132.11730
custom op omp 9 threads
141.19466
132.20721
132.36347
132.41080
132.17353
132.43419
132.22722
132.22299
132.18304
132.26350
custom op omp 10 threads
141.35181
132.15080
132.29676
132.31434
132.22034
132.29143
132.38517
132.44388
132.32839
132.39164
custom op omp 11 threads
141.32950
132.21725
132.46387
132.40561
132.48942
132.52489
132.35757
132.35917
132.32927
132.33571
custom op omp 12 threads
141.13212
132.36020
132.44063
132.36308
132.36228
132.58937
132.52895
132.28402
132.51441
132.39705
custom op cuda
67.87588
61.30496
66.63233
66.70535
66.79837
65.54322
66.22718
66.44492
65.92539
66.02831
